0 13
0 26
0 33
0 36
0 72
0 94
0 99
1 4
1 40
1 41
1 61
1 69
1 75
1 86
2 17
2 22
2 35
3 9
4 40
4 41
4 61
4 69
4 75
4 86
5 42
5 43
5 45
8 30
8 49
8 59
8 84
8 97
10 20
10 66
10 80
10 90
12 18
12 54
13 26
13 33
13 36
13 72
13 94
13 99
15 25
15 89
16 19
16 23
16 24
16 39
16 63
16 67
16 82
16 87
16 93
17 22
17 35
18 54
19 23
19 24
19 39
19 63
19 67
19 82
19 87
19 93
20 66
20 80
20 90
21 48
21 52
21 96
22 35
23 24
23 39
23 63
23 67
23 82
23 87
23 93
24 39
24 63
24 67
24 82
24 87
24 93
25 89
26 33
26 36
26 72
26 94
26 99
27 76
30 49
30 59
30 84
30 97
33 36
33 72
33 94
33 99
34 74
34 88
34 92
36 72
36 94
36 99
37 57
39 63
39 67
39 82
39 87
39 93
40 41
40 61
40 69
40 75
40 86
41 61
41 69
41 75
41 86
42 43
42 45
43 45
44 71
47 56
47 64
48 52
48 96
49 59
49 84
49 97
50 58
52 96
55 68
56 64
59 84
59 97
60 70
60 85
61 69
61 75
61 86
62 73
63 67
63 82
63 87
63 93
65 81
65 98
66 80
66 90
67 82
67 87
67 93
69 75
69 86
70 85
72 94
72 99
74 88
74 92
75 86
79 91
80 90
81 98
82 87
82 93
84 97
87 93
88 92
94 99
